values <- 0:100
values
v2 <- 5:50
v2
